day=4
plantCount=8
animalCount=14
dominantGenome=[2, 4, 6, 4, 1, 5, 3, 7]
averageEnergy=32.857142857142854
averageLifeSpan=0.0
averageChildCount=0.5714285714285714
day=4
plantCount=8
animalCount=13
dominantGenome=[5, 5, 6, 4, 1, 2, 5, 4]
averageEnergy=34.76923076923077
averageLifeSpan=0.0
averageChildCount=0.46153846153846156
